2022-04-01 04:00:00,1080.1,1082.62,1071.0,1075.0,9896
2022-04-01 05:00:00,1073.0,1074.88,1068.11,1073.9,19068
2022-04-01 06:00:00,1075.96,1082.33,1075.96,1081.4,12730
2022-04-01 07:00:00,1080.01,1085.0,1079.98,1082.14,34978
2022-04-01 08:00:00,1081.7,1089.0,1077.6,1081.5,124949
2022-04-01 09:00:00,1081.3,1086.68,1066.64,1071.51,1676073
2022-04-01 10:00:00,1071.4965,1094.75,1068.23,1091.7731,2300553
2022-04-01 11:00:00,1091.47,1092.21,1078.65,1079.69,1114512
2022-04-01 12:00:00,1079.68,1082.56,1075.81,1080.669,862565
2022-04-01 13:00:00,1080.42,1082.22,1075.5,1079.29,658697
2022-04-01 14:00:00,1079.02,1085.6499,1078.03,1079.925,860219
2022-04-01 15:00:00,1079.22,1085.0,1073.5,1084.56,1589129
2022-04-01 16:00:00,1084.4,1089.59,1083.73,1087.43,553799
2022-04-01 17:00:00,1087.48,1091.8599,1087.3,1090.9988,57793
2022-04-01 18:00:00,1090.5,1091.5,1089.15,1091.49,12296
2022-04-01 19:00:00,1090.88,1091.86,1090.31,1091.0,22608
2022-04-04 04:00:00,1093.0,1104.0,1091.35,1094.0,53137
2022-04-04 05:00:00,1093.29,1097.0,1093.29,1095.9,16073
2022-04-04 06:00:00,1096.4,1098.7,1095.5,1096.0,8935
2022-04-04 07:00:00,1095.16,1096.0,1089.0,1092.8,142814
2022-04-04 08:00:00,1094.0,1096.0,1087.0,1088.5,157656
2022-04-04 09:00:00,1088.5,1096.27,1072.53,1094.5898,2184579
2022-04-04 10:00:00,1094.405,1125.13,1092.2501,1121.442,3785883
2022-04-04 11:00:00,1121.16,1136.735,1120.9142,1132.35,2534290
2022-04-04 12:00:00,1132.075,1134.09,1127.3,1133.4133,918500
2022-04-04 13:00:00,1133.71,1148.04,1132.5701,1147.3584,1625302
2022-04-04 14:00:00,1147.2,1149.91,1139.5,1145.955,1498622
2022-04-04 15:00:00,1145.95,1149.0,1136.3531,1145.54,1865995
2022-04-04 16:00:00,1145.54,1148.0,1142.7919,1146.69,654343
2022-04-04 17:00:00,1146.9,1146.97,1143.33,1144.0,17707
2022-04-04 18:00:00,1143.33,1144.49,1143.0,1143.0,6529
2022-04-04 19:00:00,1143.5999,1143.6,1140.0,1140.0,13642
2022-04-05 04:00:00,1141.61,1145.0,1137.6,1139.0,11418
2022-04-05 05:00:00,1139.0,1139.0,1136.0,1137.9,5149
2022-04-05 06:00:00,1137.9,1139.5,1135.0,1138.3,7947
2022-04-05 07:00:00,1138.3,1143.89,1136.25,1143.89,40132
2022-04-05 08:00:00,1137.5,1143.38,1136.26,1137.42,43584
2022-04-05 09:00:00,1137.75,1152.87,1135.1,1146.595,2435352
2022-04-05 10:00:00,1146.74,1146.7799,1113.51,1120.395,3077386
2022-04-05 11:00:00,1120.565,1127.98,1101.33,1102.84,2314237
2022-04-05 12:00:00,1102.955,1105.0,1090.09,1099.8666,1973665
2022-04-05 13:00:00,1099.93,1107.07,1095.01,1101.71,1204095
2022-04-05 14:00:00,1101.74,1108.76,1097.3301,1103.27,1111570
2022-04-05 15:00:00,1103.25,1104.325,1087.3,1091.16,1859940
2022-04-05 16:00:00,1091.26,1093.0,1087.4,1091.5,489472
2022-04-05 17:00:00,1091.52,1092.83,1089.61,1090.0,18979
2022-04-05 18:00:00,1090.5,1090.65,1087.0,1088.0,11279
2022-04-05 19:00:00,1087.47,1088.0,1084.35,1088.0,35815
2022-04-06 04:00:00,1086.0,1086.0,1071.4,1075.0,21119
2022-04-06 05:00:00,1074.88,1075.94,1067.0,1070.5,16466
2022-04-06 06:00:00,1070.07,1071.55,1068.16,1069.0,8218
2022-04-06 07:00:00,1069.5,1072.0,1066.3,1067.1,75780
2022-04-06 08:00:00,1067.0009,1093.988,1062.8,1066.94,109608
2022-04-06 09:00:00,1066.78,1079.0,1046.4,1047.7,3112322
2022-04-06 10:00:00,1048.02,1048.9,1032.75,1042.9899,3189908
2022-04-06 11:00:00,1042.61,1046.8799,1035.71,1042.12,1501960
2022-04-06 12:00:00,1041.52,1042.29,1029.45,1032.7566,1294590
2022-04-06 13:00:00,1032.29,1057.11,1027.7,1050.21,1934443
2022-04-06 14:00:00,1050.535,1064.94,1034.08,1055.675,2948140
2022-04-06 15:00:00,1056.51,1059.83,1043.5387,1045.54,2116192
2022-04-06 16:00:00,1045.76,1045.83,1040.0,1042.45,534403
2022-04-06 17:00:00,1042.71,1043.75,1042.3,1043.02,10477
2022-04-06 18:00:00,1043.3,1049.0,1043.3,1048.5,12725
2022-04-06 19:00:00,1048.0,1049.38,1043.0,1043.0,27616
2022-04-07 04:00:00,1055.44,1066.0,1050.0,1061.5,19228
2022-04-07 05:00:00,1063.3,1068.0,1060.0,1067.44,6911
2022-04-07 06:00:00,1067.07,1072.62,1065.1,1065.61,15108
2022-04-07 07:00:00,1064.51,1069.95,1061.0,1062.05,58022
2022-04-07 08:00:00,1064.9698,1069.4799,1045.7,1053.0,96784
2022-04-07 09:00:00,1053.5,1072.22,1046.51,1071.24,2623518
2022-04-07 10:00:00,1071.605,1076.59,1045.8,1052.02,2654365
2022-04-07 11:00:00,1052.0,1056.4899,1027.3,1033.03,1808950
2022-04-07 12:00:00,1032.45,1039.0999,1021.5401,1026.87,1479433
2022-04-07 13:00:00,1026.4548,1047.9899,1026.28,1047.24,1837713
2022-04-07 14:00:00,1047.14,1059.68,1040.77,1057.8,1544602
2022-04-07 15:00:00,1057.925,1065.96,1054.45,1057.01,1986575
2022-04-07 16:00:00,1057.26,1059.4899,1055.0,1059.0,614285
2022-04-07 17:00:00,1059.77,1062.9,1059.77,1062.01,23546
2022-04-07 18:00:00,1062.3,1064.4,1061.3,1063.61,13040
2022-04-07 19:00:00,1063.51,1067.98,1063.12,1066.5,39262
2022-04-08 04:00:00,1073.01,1077.15,1062.0,1062.2,24702
2022-04-08 05:00:00,1062.21,1066.0,1054.45,1059.71,10759
2022-04-08 06:00:00,1059.8,1060.0,1054.5,1059.0,3155
2022-04-08 07:00:00,1061.4,1063.4,1055.25,1059.0,25752
2022-04-08 08:00:00,1061.9,1063.7428,1049.03,1052.0,70802
2022-04-08 09:00:00,1051.5,1052.9,1030.11,1031.43,1794513
2022-04-08 10:00:00,1031.2999,1037.14,1022.435,1035.59,2486770
2022-04-08 11:00:00,1035.6525,1042.1799,1031.11,1033.3204,1323951
2022-04-08 12:00:00,1033.0,1044.04,1032.6,1042.635,1094451
2022-04-08 13:00:00,1042.645,1042.9799,1029.05,1032.2314,970220
2022-04-08 14:00:00,1032.0,1036.92,1029.42,1035.35,778011
2022-04-08 15:00:00,1035.25,1037.4698,1025.0,1025.49,1242376
2022-04-08 16:00:00,1025.49,1027.3,1024.0,1024.98,430846
2022-04-08 17:00:00,1024.76,1025.2,1022.5,1022.6,13067
2022-04-08 18:00:00,1022.81,1023.05,1022.26,1022.7,6583
2022-04-08 19:00:00,1022.32,1023.0,1021.03,1022.0,11944
2022-04-11 04:00:00,1009.53,1011.0,982.62,989.17,51506
2022-04-11 05:00:00,989.11,991.0,984.5,990.0,27856
2022-04-11 06:00:00,990.25,991.0,986.0,989.0,13713
2022-04-11 07:00:00,990.0,991.6,981.85,984.0,64281
2022-04-11 08:00:00,986.0491,992.0,974.25,978.4,186402
2022-04-11 09:00:00,978.6,1000.5705,976.0,993.2337,2498636
2022-04-11 10:00:00,993.26,1008.4681,985.4701,985.85,2054025
2022-04-11 11:00:00,985.48,992.49,984.21,985.0,1146474
2022-04-11 12:00:00,984.5858,989.9,982.12,985.14,872752
2022-04-11 13:00:00,985.0,994.2999,985.0,988.45,926791
2022-04-11 14:00:00,988.4401,990.0,980.82,987.68,886783
2022-04-11 15:00:00,987.87,991.375,974.64,975.73,1557257
2022-04-11 16:00:00,975.73,975.99,972.11,974.1105,583592
2022-04-11 17:00:00,974.5,975.93,970.56,970.7,15222
2022-04-11 18:00:00,971.0,971.4,966.2001,967.05,36544
2022-04-11 19:00:00,967.0,967.02,962.0,962.0,29850
2022-04-12 04:00:00,968.33,983.5,962.9,981.0,29140
2022-04-12 05:00:00,980.69,983.13,979.72,983.0,8927
2022-04-12 06:00:00,983.0,983.0,978.11,979.0,8050
2022-04-12 07:00:00,978.55,979.36,971.2,976.35,46424
2022-04-12 08:00:00,974.1923,1007.0,971.2762,1003.19,352602
2022-04-12 09:00:00,1003.3,1018.1,991.02,1017.648,2624785
2022-04-12 10:00:00,1017.99,1021.1921,993.225,997.12,2566039
2022-04-12 11:00:00,996.72,1003.77,988.2,998.56,1660051
2022-04-12 12:00:00,998.58,1001.7799,991.5,998.0,1069111
2022-04-12 13:00:00,997.74,1005.1199,990.04,990.4,1247196
2022-04-12 14:00:00,990.38,994.2822,981.6,983.6399,1144307
2022-04-12 15:00:00,983.33,989.6499,976.6001,986.96,1572008
2022-04-12 16:00:00,986.91,989.47,985.0,985.1,511606
2022-04-12 17:00:00,985.25,987.5,984.25,987.5,6771
2022-04-12 18:00:00,987.9,989.45,987.0,988.9999,5297
2022-04-12 19:00:00,988.56,992.0,988.56,991.78,17386
2022-04-13 04:00:00,999.68,1004.75,992.1,995.7,13439
2022-04-13 05:00:00,995.0,995.0,988.7,990.0,7327
2022-04-13 06:00:00,990.1,993.73,989.99,993.73,4921
2022-04-13 07:00:00,993.69,1000.52,991.21,991.5,38263
2022-04-13 08:00:00,998.0993,1003.1,981.0,981.6,136642
2022-04-13 09:00:00,981.5,1000.0,973.097,986.57,1841681
2022-04-13 10:00:00,987.25,1000.33,984.21,993.7063,1726822
2022-04-13 11:00:00,993.85,1009.91,993.85,1007.48,1510143
2022-04-13 12:00:00,1007.02,1017.6337,1003.09,1016.34,931787
2022-04-13 13:00:00,1016.54,1018.7,1008.33,1014.195,1128270
2022-04-13 14:00:00,1014.3225,1020.4999,1012.47,1018.1101,1022216
2022-04-13 15:00:00,1018.4242,1026.24,1015.39,1022.56,1689609
2022-04-13 16:00:00,1022.73,1022.8,1019.48,1019.9546,420841
2022-04-13 17:00:00,1020.5,1021.25,1018.66,1019.86,13970
2022-04-13 18:00:00,1019.32,1023.0,1018.9,1022.0,17808
2022-04-13 19:00:00,1022.06,1023.8,1021.0,1023.0,17475
2022-04-14 04:00:00,1026.2,1030.03,1022.0,1025.0,9645
2022-04-14 05:00:00,1025.0,1026.5,1023.1,1023.1,5527
2022-04-14 06:00:00,1025.73,1025.83,1004.5,1006.0,31969
2022-04-14 07:00:00,1008.49,1015.7,998.0,998.0,105715
2022-04-14 08:00:00,1010.1442,1029.1,996.6401,1001.0,214906
2022-04-14 09:00:00,1001.02,1012.7099,990.44,995.21,2337928
2022-04-14 10:00:00,995.31,997.775,983.1601,985.6546,1918904
2022-04-14 11:00:00,985.3858,992.31,984.641,988.11,893285
2022-04-14 12:00:00,987.74,990.11,982.19,984.68,819253
2022-04-14 13:00:00,984.68,995.79,984.57,995.72,912099
2022-04-14 14:00:00,995.7565,998.0,987.0,987.429,956742
2022-04-14 15:00:00,987.5,992.09,984.075,984.96,1335612
2022-04-14 16:00:00,984.96,987.34,983.5,984.9999,1227392
2022-04-14 17:00:00,984.72,989.0747,984.02,987.0,22108
2022-04-14 18:00:00,985.42,987.0,985.26,985.5,6730
2022-04-14 19:00:00,986.0,989.45,985.31,989.45,8660
